Número de pruebas realizadas:  1
Tiempo de ejecución: 4.4973249435424805 segundos
Mínimo de puntos sin asignar: 5
Máximo de puntos sin asignar: 5
Media de puntos sin asignar: 5.0
Iteraciones del resultado elegido: 500
-- Clúster: 1 --
Centro: [5.206896551724137,43.0]
Radio: 5.994587851991165
Puntos asignados: 29
[11.0,43.0][10.849567473090943,44.335125603737886][10.405813207414514,45.60330243470535][9.690988894808179,46.740938811152404][8.740938811152402,47.69098889480818]
[7.603302434705349,48.40581320741452][6.335125603737887,48.84956747309094][5.0,49.0][3.664874396262114,48.84956747309094][2.3966975652946516,48.40581320741452]
[1.2590611888475989,47.69098889480818][0.3090111051918214,46.740938811152404][-0.4058132074145142,45.60330243470535][-0.8495674730909419,44.335125603737886][-1.0,43.0]
[-0.8495674730909419,41.664874396262114][-0.4058132074145151,40.39669756529465][0.3090111051918205,39.259061188847596][1.259061188847598,38.30901110519182][2.3966975652946503,37.59418679258549]
[3.664874396262112,37.15043252690906][4.999999999999999,37.0][6.335125603737885,37.15043252690906][7.6033024347053475,37.59418679258548][8.7409388111524,38.30901110519182]
[9.690988894808179,39.259061188847596][10.405813207414514,40.39669756529465][10.849567473090941,41.664874396262114][11.0,43.0]
-- Clúster: 2 --
Centro: [22.5,28.86801629200718]
Radio: 10.35737624348745
Puntos asignados: 9
[23.891280188878227,41.09504634794198][29.997311594393167,36.225648790363586][15.106253394492434,32.80174616918833][12.364563237469524,28.535593011572868][12.364563237469522,23.464406988427136]
[15.106253394492434,19.198253830811677][19.71916645554043,17.091607023071607][24.738735117016976,17.813312041809333][28.57128179548063,21.134232642899622]
-- Clúster: 3 --
Centro: [30.50793488993273,38.22072554959657]
Radio: 11.581473064041742
Puntos asignados: 6
[41.0,45.0][23.891280188878227,48.904953652058026][41.0,45.0][30.0,26.0][19.719166455540435,34.9083929769284]
[30.0,25.999999999999996]
-- Clúster: 4 --
Centro: [36.97446800114019,12.42296048911872]
Radio: 6.771369866418738
Puntos asignados: 25
[42.87571211248565,11.893723504372131][42.780082127900414,14.740829210153983][42.13414676030705,16.372275718712007][41.10278039194988,17.79182974150082][39.75078756485298,18.910295478514104]
[38.16311896062463,19.657395614066075][36.43953363670519,19.986187098997902][34.68833079789992,19.876010755100822][33.01954495904449,19.333789367262135][31.538032071759172,18.393592699430524]
[30.33688103937537,17.114496766047314][29.49156459878224,15.576871868792743][29.055197090798654,13.877332634950129][29.055197090798654,12.12266736504987][29.49156459878224,10.423128131207251]
[30.33688103937537,8.885503233952686][31.538032071759172,7.606407300569474][33.019544959044495,6.666210632737862][34.68833079789993,6.123989244899179][36.43953363670519,6.013812901002099]
[38.16311896062463,6.3426043859339245][39.75078756485298,7.089704521485896][41.102780391949885,8.208170258499182][42.13414676030705,9.627724281287993][42.78008212790042,11.259170789846019]

-- Clúster: 5 --
Centro: [43.68675508657766,6.478547242897869]
Radio: 6.085825071295681
Puntos asignados: 27
[50.0,6.0][49.81149896677179,7.492139322989129][49.25784008026318,8.890522044610293][48.37381176452847,10.107282635572133][47.21496076987398,11.06596755301209]
[45.85410196624969,11.706339097770922][44.37674311717588,11.988160370569629][41.445324250609566,11.428962314796117][40.17545606150786,10.623079456654736][39.14589803375031,9.52671151375484]
[38.42134108467049,8.208747316108067][38.047311792113135,6.751999401385825][38.047311792113135,5.2480005986141745][38.421341084670495,3.7912526838919303][39.14589803375031,2.47328848624516]
[40.175456061507866,1.376920543345264][41.445324250609566,0.5710376852038817][42.87571211248565,0.1062764956278679][44.376743117175884,0.01183962943037109][45.85410196624969,0.29366090222907815]
[47.21496076987398,0.93403244698791][48.37381176452847,1.8927173644278703][49.25784008026318,3.109477955389708][49.81149896677179,4.507860677010873][50.0,5.999999999999998]
[43.0,13.0][43.0,12.999999999999998]
Puntos sin asignar: 5
