Número de pruebas realizadas:  1
Tiempo de ejecución: 2.0910351276397705 segundos
Mínimo de puntos sin asignar: 9
Máximo de puntos sin asignar: 9
Media de puntos sin asignar: 9.0
Iteraciones del resultado elegido: 500
-- Clúster: 1 --
Centro: [20.1030303030303,18.348484848484848]
Radio: 5.975421519460662
Puntos asignados: 33
[20.0,12.0][20.0,24.0][22.0,23.7][24.0,22.5][24.4,22.0]
[25.6,20.1][26.0,18.0][25.6,16.0][24.4,14.0][24.0,13.5]
[22.1,12.4][17.9,12.4][15.9,13.6][15.2,14.5][14.3,16.0]
[14.0,18.0][14.4,20.0][15.5,22.0][16.3,22.8][25.2,15.0]
[14.8,15.0][19.0,12.1][23.3,13.0][25.9,19.0][14.1,19.2]
[14.1,17.0][15.1,21.4][17.4,23.4][18.6,23.8][21.0,23.9]
[23.0,23.2][24.9,21.4][25.4,20.6]
-- Clúster: 2 --
Centro: [9.20434782608696,5.054347826086956]
Radio: 2.559197513396158
Puntos asignados: 37
[9.0,8.0][7.0,7.3][12.0,5.0][9.0,2.0][11.0,2.7]
[11.0,7.2][9.0,7.0][7.0,5.0][9.0,3.0][7.4,3.8]
[7.4,6.2][6.2,6.0][6.6,6.8][8.0,7.8][9.9,7.8]
[10.5,7.6][11.2,7.0][11.6,6.6][11.7,6.3][11.8,6.0]
[11.9,5.7][12.0,4.6][11.9,4.2][11.8,3.8][11.6,3.5]
[10.5,2.4][8.2,2.1][7.4,2.5][8.0,6.7][7.2,6.0]
[7.1,5.6][7.0,4.6][7.1,4.3][7.7,3.5][8.0,3.3]
[8.3,3.1][9.5,3.1]
Puntos sin asignar: 9
